name = 'SH'
symbol = 'S'

atomic_number = 16 + 1
atomic_number_deut = 16 + 1

mass = 33.072364
mass_deut = 31.972072000000001 + 1*2.014102

color = 'yellow'
vdW_radius = 0.180000
